261245597372
1528993564392
1187451223739
1149082325156
744612140872
2531710091806
1652759092982
1700305644013
1926595359688
2552803427877
1339667292862
163414675062
1708526324501
2201006889750
1458352918905
1463753327513
2195738053106
143620513851
2592302796896
494848128163
1906009122406
1552108586387
605463307674
1279900114799
332920120291
1768513635981
2124504294558
1537181041682
860294714107
1265008968499
2489289474027
30992696996
287535505241
2481204752601
1690910495375
1825723464871
529092726617
2094067470544
399784534350
1060170664619
2421052905243
2554443716939
1215121401429
908076539141
779677937086
2606497711304
706054236345
2446336514982
1112838401755